pl_hostname,pl_letter,st_dist,st_glat,st_glon,pl_orbsmax,pl_orbsmaxerr1,pl_orbsmaxerr2,pl_masse,pl_rade
HW Vir,c,130.72,54.159072,299.933984,,,,2701.44119,
kappa CrB,b,31.12,51.041377,57.016934,2.700000,,,572.06990,
Kepler-10,b,173.00,18.816234,80.489685,0.016840,0.000320,-0.000340,4.56000,1.416
Kepler-10,c,173.00,18.816234,80.489685,0.240700,0.004400,-0.005300,20.00000,2.227
Kepler-11,b,613.00,8.133360,76.161295,0.091000,0.003000,-0.003000,4.30000,1.970
Kepler-11,c,613.00,8.133360,76.161295,0.106000,0.004000,-0.004000,13.50000,3.150
Kepler-11,d,613.00,8.133360,76.161295,0.159000,0.005000,-0.005000,6.10000,3.430
Kepler-11,e,613.00,8.133360,76.161295,0.194000,0.007000,-0.007000,8.40000,4.520
Kepler-11,f,613.00,8.133360,76.161295,0.250000,0.009000,-0.009000,2.30000,2.610
Kepler-11,g,613.00,8.133360,76.161295,0.462000,0.016000,-0.016000,300.00000,3.660
Kepler-12,b,600.00,18.407464,80.423384,0.055600,0.000700,-0.000700,137.00000,18.999
Kepler-14,b,600.00,16.516947,78.152825,,,,2669.66000,12.733
Kepler-15,b,,12.152630,82.303656,0.057140,0.000860,-0.000930,209.75900,10.761
Kepler-16,b,61.00,17.366238,82.785564,0.704800,0.001100,-0.001100,105.80000,8.449
Kepler-17,b,,10.241738,81.824926,0.025910,0.000370,-0.000360,778.65100,14.706
Kepler-18,b,,8.920195,79.007432,0.044700,0.000600,-0.000600,6.90000,2.000
Kepler-18,c,,8.920195,79.007432,0.075200,0.001100,-0.001100,17.30000,5.490
Kepler-18,d,,8.920195,79.007432,0.117200,0.001700,-0.001700,16.40000,6.980
Kepler-19,b,2119.00,10.797104,70.102377,,,,14.00000,2.209
Kepler-20,b,290.00,14.573594,73.377020,0.045370,0.000540,-0.000600,8.70000,1.910
Kepler-20,c,290.00,14.573594,73.377020,0.093000,0.001100,-0.001100,16.10000,3.070
Kepler-20,d,290.00,14.573594,73.377020,0.345300,0.004100,-0.004600,20.10000,2.750
Kepler-20,e,290.00,14.573594,73.377020,,,,3.08000,0.868
Kepler-20,f,290.00,14.573594,73.377020,,,,14.30000,1.030
Kepler-21,b,107.88,13.336874,69.856227,0.042507,0.000098,-0.000119,10.40000,1.635
Kepler-22,b,190.00,15.792364,79.091866,0.849000,0.018000,-0.017000,,2.380
Kepler-23,b,800.00,13.458059,82.013654,0.075000,,,250.00000,1.900
Kepler-23,c,800.00,13.458059,82.013654,0.099000,,,858.00000,3.200
Kepler-24,b,1200.00,11.018412,70.549869,0.080000,,,509.00000,2.400
Kepler-24,c,1200.00,11.018412,70.549869,0.106000,,,509.00000,2.400
Kepler-25,b,,14.164116,70.349654,0.068000,,,4036.00000,2.600
Kepler-25,c,,14.164116,70.349654,0.110000,,,1322.00000,4.500
Kepler-26,b,,17.992986,76.680019,0.085000,,,120.80000,3.600
Kepler-26,c,,17.992986,76.680019,0.107000,,,119.20000,3.600
Kepler-27,b,,10.974464,73.687041,0.118000,,,2895.00000,4.000
Kepler-27,c,,10.974464,73.687041,0.191000,,,4386.00000,4.900
Kepler-28,b,,11.638758,74.880406,0.062000,,,479.90000,3.600
Kepler-28,c,,11.638758,74.880406,0.081000,,,432.20000,3.400
Kepler-29,b,1400.00,10.110383,81.522546,0.090000,,,130.00000,3.600
Kepler-29,c,1400.00,10.110383,81.522546,0.110000,,,95.00000,2.900
Kepler-30,b,1400.00,14.913405,69.407080,0.180000,,,64.00000,3.700
Kepler-30,c,1400.00,14.913405,69.407080,0.300000,,,2890.00000,14.400
Kepler-30,d,1400.00,14.913405,69.407080,0.500000,,,5403.00000,10.700
Kepler-31,b,2100.00,11.957206,78.626968,0.160000,,,,4.300
Kepler-31,c,2100.00,11.957206,78.626968,0.260000,,,1490.00000,4.200
Kepler-32,b,280.00,9.962307,80.539109,0.050000,,,1300.00000,4.100
Kepler-32,c,280.00,9.962307,80.539109,0.090000,,,160.00000,3.700
Kepler-33,b,,15.134208,77.262828,0.067700,0.001400,-0.001400,,1.740
Kepler-33,c,,15.134208,77.262828,0.118900,0.002500,-0.002500,,3.200
Kepler-33,d,,15.134208,77.262828,0.166200,0.003500,-0.003500,,5.350
Kepler-33,e,,15.134208,77.262828,0.213800,0.004500,-0.004500,,4.020
Kepler-33,f,,15.134208,77.262828,0.253500,0.005400,-0.005400,,4.460
Kepler-34,b,1499.00,9.890152,78.338673,1.089600,0.000900,-0.000900,69.92000,8.564
Kepler-35,b,1645.00,12.043345,79.541348,0.603470,0.001010,-0.001030,40.36000,8.160
Kepler-4,b,550.00,18.818498,80.370077,0.045600,0.000900,-0.000900,24.47190,4.002
Kepler-5,b,,7.742768,78.866355,0.050640,0.000700,-0.000700,671.86400,16.040
Kepler-6,b,,11.359476,81.692659,0.045670,0.000550,-0.000460,212.61900,14.829
Kepler-7,b,,13.462905,72.477827,0.062240,0.001090,-0.000840,137.61500,16.567
Kepler-8,b,1330.00,19.012843,71.658860,0.048300,0.000600,-0.001200,191.64300,15.905
Kepler-9,b,650.00,14.489877,68.980138,0.140000,0.001000,-0.001000,80.08980,9.438
Kepler-9,c,650.00,14.489877,68.980138,0.225000,0.001000,-0.001000,54.34660,9.225
Kepler-9,d,650.00,14.489877,68.980138,0.027300,0.000420,-0.000430,,1.640
KIC 10905746,b,,19.451017,78.169113,0.075100,0.001400,-0.001400,,2.650
KIC 6185331,b,,16.613104,71.587006,0.267200,0.003600,-0.003600,,8.050
KOI-135,b,,17.836659,76.856908,0.044900,0.001000,-0.001000,1027.00000,13.450
KOI-196,b,,11.711501,78.902009,0.029000,0.001000,-0.001000,155.73000,9.427
KOI-204,b,,8.200931,80.619822,0.045500,0.001300,-0.001300,324.20000,13.900
KIC 5794240,b,,10.536433,73.887154,,,,160.49700,10.761
KIC 9478990,b,,10.234081,79.759575,0.155000,0.003000,-0.003000,5720.70000,13.675
KOI-428,b,,11.035147,81.044764,0.080000,0.003000,-0.003000,699.19700,13.114
KIC 5807616,b,,8.231240,75.161149,0.006000,,,0.44000,0.759
KIC 5807616,c,,8.231240,75.161149,0.007600,,,0.65500,0.867
KOI-961,b,,12.548085,76.918760,0.011600,,,,0.780
KOI-961,c,,12.548085,76.918760,0.006000,,,,0.730
KOI-961,d,,12.548085,76.918760,0.015400,,,,0.570
ksi Aql,b,62.66,-9.854721,47.812817,0.680000,,,889.88651,
LKCA 15,b,,-15.981634,176.689700,,,,1906.90000,
Lupus-TR-3,b,,10.951003,331.367213,0.046400,0.000700,-0.000700,257.43145,9.976
MOA-2007-BLG-192-L,b,,-3.387593,4.030846,,,,3.17817,
MOA-2007-BLG-400-L,b,,-4.700741,2.381269,,,,286.03495,
MOA-2008-BLG-310-L,b,,-4.562487,355.914434,,,,73.09782,
MOA-2009-BLG-266-L,b,,-3.580897,355.069932,,,,10.39260,
MOA-2009-BLG-319-L,b,,-3.014318,4.202203,,,,49.89720,
MOA-2009-BLG-387-L,b,,-4.096243,356.556406,,,,826.32300,
NGC 2423 3,b,,3.531344,230.520593,2.100000,,,3368.85608,
NGC 4349 No 127,b,,0.831085,299.718038,2.380000,,,6292.76890,
NN Ser (ab),c,,45.338912,23.652960,5.380000,0.200000,-0.200000,2196.11000,
NN Ser (ab),d,,45.338912,23.652960,3.390000,0.100000,-0.100000,724.62200,
HIP 88048,b,46.84,6.974494,18.167894,,,,7087.31000,
HIP 88048,c,46.84,6.974494,18.167894,,,,7786.51000,
NY Vir,b,,58.687773,326.172401,3.300000,,,730.97800,
OGLE-05-071L,b,,-3.786345,355.580141,,,,1207.70300,
OGLE-05-169L,b,,-4.739985,0.676832,,,,12.71266,
OGLE-05-390L,b,,-2.361536,359.732499,,,,5.40288,
OGLE-06-109L,b,,-1.889969,359.791319,,,,225.64979,
OGLE-06-109L,c,,-1.889969,359.791319,,,,85.81048,
OGLE-2007-BLG-368L,b,,-3.686006,358.348728,,,,22.05647,
OGLE235-MOA53,b,,-2.931153,1.773047,,,,826.32319,
OGLE2-TR-L9,b,,-0.742524,290.771358,0.030800,0.000500,-0.000500,1430.17500,18.046
OGLE-TR-10,b,,-1.576495,359.851525,0.041620,0.000040,-0.000040,193.86800,13.675
OGLE-TR-111,b,,-1.705527,289.279347,0.047000,0.001000,-0.001000,168.44280,11.960
OGLE-TR-113,b,,-1.789452,289.201702,0.022900,0.000200,-0.000200,419.51793,12.218
OGLE-TR-132,b,,-2.342921,289.234899,0.030600,0.000800,-0.000800,362.31094,13.227
OGLE-TR-182,b,,-0.630581,290.906734,0.051000,0.001000,-0.001000,320.99500,12.666
OGLE-TR-211,b,,-3.345112,288.399431,0.051000,0.001000,-0.001000,327.35111,15.244
OGLE-TR-56,b,,-2.365322,0.705194,0.022500,0.000400,-0.000400,409.98343,14.572
Oph 11,b,,17.803217,352.678580,,,,6674.15000,
PSR 1257+12,b,,75.413648,311.309690,0.190000,,,0.02225,
PSR 1257+12,c,,75.413648,311.309690,0.360000,,,4.13162,
PSR 1257+12,d,,75.413648,311.309690,0.460000,,,3.81380,
PSR B1620-26,b,,15.960031,350.976229,23.000000,,,794.54153,
Qatar-1,b,,16.424325,98.718848,0.023430,0.000260,-0.000250,346.42000,13.047
Qatar-2,b,,53.167697,327.956857,0.021490,0.000360,-0.000360,790.41000,12.823
rho CrB,b,17.43,48.923598,53.488729,0.220000,,,330.52928,
HIP 63510,c,11.43,75.085959,311.825376,1168.000000,,,1997.59000,13.675
SR 12 AB,c,,16.564993,352.979938,,,,4131.62000,
SWEEPS-04,b,,-2.626045,1.260039,0.055000,,,1200.00000,9.100
SWEEPS-11,b,,-2.656085,1.266725,0.030000,,,3100.00000,12.700
tau Boo,b,15.60,73.888976,358.936643,0.046000,,,1239.48478,
TrES-1,b,,13.440850,67.464444,0.039250,0.000560,-0.000600,239.00000,11.960
TrES-2,b,,17.808015,79.848583,0.035560,0.000750,-0.000750,381.10000,14.260
TrES-3,b,,27.289699,63.340111,0.022720,0.000170,-0.000260,615.90000,14.710
TrES-4,b,,26.993548,63.038806,0.050910,0.000710,-0.000710,292.00000,20.170
TrES-5,b,,12.742307,94.119004,0.024460,0.000680,-0.000680,565.07800,13.552
ups And,b,13.47,-20.666090,132.000907,0.059222,0.000000,-0.000000,218.53100,
ups And,c,13.47,-20.666090,132.000907,0.827774,0.000015,-0.000015,629.59500,
ups And,d,13.47,-20.666090,132.000907,2.513290,0.000750,-0.000750,1313.22000,
ups And,e,13.47,-20.666090,132.000907,5.245580,0.000670,-0.000670,336.56800,
UScoCTIO 108,b,,24.538893,354.469771,,,,4449.43255,
V391 Peg,b,,-23.029833,82.485828,1.700000,0.100000,-0.100000,1017.01316,
WASP-10,b,,-27.143928,100.111899,0.037810,0.001470,-0.000670,1000.00000,12.110
WASP-11/HAT-P-10,b,,-23.462612,155.018224,0.043900,0.000600,-0.000900,146.19564,11.713
WASP-12,b,,8.936468,184.083131,0.022900,0.004000,-0.004000,448.00000,20.100
WASP-13,b,,44.536549,190.928601,0.052700,0.001700,-0.001900,150.00000,13.600
WASP-14,b,,66.334029,25.738406,0.036000,0.001000,-0.001000,2333.00000,14.360
WASP-15,b,,28.769701,318.436464,0.049900,0.001800,-0.001800,172.00000,16.010
WASP-16,b,,38.097242,329.234586,0.042100,0.001000,-0.001800,272.00000,11.300
WASP-17,b,,18.667756,345.959737,0.051000,0.001700,-0.001800,156.00000,19.500
WASP-18,b,105.49,-69.321365,279.710041,0.020260,0.000680,-0.000680,3274.00000,12.400
WASP-19,b,,6.775996,273.405553,0.016400,0.000500,-0.000600,362.00000,14.300
WASP-1,b,,-30.429318,115.366067,0.039570,0.000490,-0.000480,292.00000,16.970
WASP-21,b,,-38.256405,91.754180,0.052000,0.000410,-0.000440,95.34500,11.994
WASP-22,b,,-53.923270,216.796333,0.046800,0.000400,-0.000400,177.97700,12.554
WASP-23,b,,-19.228595,251.926505,0.037600,0.001600,-0.002400,280.95000,10.783
WASP-24,b,,48.829684,1.862550,0.035930,0.000290,-0.000270,327.98700,12.375
WASP-25,b,,35.296814,305.648960,0.047400,0.000400,-0.000400,184.33400,14.123
WASP-26,b,,-75.871357,88.352441,0.040000,0.000300,-0.000300,324.17300,14.796
WASP-28,b,,-58.486355,83.860077,0.045500,0.000500,-0.000500,289.21300,12.554
WASP-29,b,,-72.181665,343.320549,0.045600,0.000600,-0.000600,78.81850,8.295
WASP-2,b,,-18.712649,50.773854,0.031380,0.001420,-0.001420,290.00000,12.520
WASP-31,b,,38.539307,274.225690,,,,,
WASP-32,b,,-60.404269,104.685060,0.039400,0.000300,-0.000300,1144.14000,13.227
WASP-33,b,116.14,-21.556785,143.096879,0.025550,0.000170,-0.000170,1303.05000,16.780
WASP-34,b,,32.531971,272.918586,0.052400,0.000400,-0.000400,187.51200,13.675
WASP-35,b,,-26.620540,206.016402,0.043170,0.000280,-0.000280,228.82800,14.796
WASP-36,b,,21.088889,234.385501,,,,,
WASP-37,b,,51.822981,354.774143,0.043390,0.001430,-0.001520,539.01700,12.733
WASP-38,b,,39.032874,23.528268,0.075510,0.000840,-0.000850,861.91900,12.095
WASP-39,b,,51.371134,344.403446,0.048600,0.000500,-0.000500,88.98870,14.235
WASP-3,b,,18.611206,64.175020,0.031510,0.001500,-0.000987,570.00000,14.500
WASP-41,b,,32.192264,300.653777,0.040300,0.000500,-0.000500,292.39100,13.563
WASP-43,b,,37.870020,252.786807,0.014200,0.000400,-0.000400,565.71400,10.424
WASP-44,b,,-72.639264,92.237408,0.034730,0.000410,-0.000410,282.53900,12.778
WASP-45,b,,-79.015522,337.207130,0.040540,0.000900,-0.000900,320.04100,13.002
WASP-46,b,,-42.073749,340.697735,0.024480,0.000280,-0.000280,667.73300,14.684
WASP-48,b,,17.627360,86.882482,0.034440,0.000430,-0.000430,311.46000,18.719
WASP-4,b,,-68.295846,344.493143,0.022550,0.000950,-0.000650,385.00000,14.620
WASP-50,b,,-56.789395,189.679500,0.029450,0.000850,-0.000850,466.55500,12.924
WASP-5,b,,-72.018158,337.593339,0.026830,0.000880,-0.000750,502.00000,12.220
WASP-6,b,,-67.195486,38.731023,0.042100,0.000800,-0.001300,160.00000,13.720
WASP-7,b,,-37.876944,2.822176,0.061800,0.001400,-0.003300,310.00000,10.300
WASP-8,b,,-76.394972,354.252018,0.080100,0.001400,-0.001600,713.20000,11.630
XO-1,b,,48.021248,45.852868,0.049280,0.000890,-0.000890,292.00000,13.520
XO-2,b,,29.328608,168.289133,0.036840,0.000400,-0.000430,180.00000,11.000
XO-3,b,,5.628519,148.097181,0.047600,0.000500,-0.000500,4211.00000,21.860
XO-4,b,,26.689429,158.635374,0.055500,0.001100,-0.001100,546.64457,15.020
XO-5,b,,26.934689,180.625629,0.050800,0.000500,-0.000500,365.00000,12.900
11 Com,b,110.62,78.280522,264.140892,1.290000,0.050000,-0.050000,6165.64000,
11 UMi,b,119.47,41.044516,108.718982,1.540000,0.070000,-0.070000,3337.07442,
14 And,b,76.39,-21.050610,106.411558,0.830000,,,1500.00000,
14 Her,b,18.15,46.944999,69.170376,2.770000,0.050000,-0.050000,1474.66908,
16 Cyg B,b,21.41,13.204352,83.336460,1.681000,0.097000,-0.097000,534.00000,
18 Del,b,73.10,-21.974824,58.691434,2.600000,,,3273.51109,
1RXS1609,b,,22.030427,352.890560,330.000000,,,,
24 Sex,b,74.79,44.715734,245.085309,1.410000,0.030000,-0.030000,508.50700,
24 Sex,c,74.79,44.715734,245.085309,2.220000,0.060000,-0.060000,444.94300,
2M0746+20,b,,20.839714,200.437479,,,,9984.90000,
2M1207,b,,22.543298,293.790365,41.000000,,,1271.26644,16.813
2M2140+16,b,,-26.437257,70.485105,,,,6656.60000,
2M2206-20,b,,-51.929519,33.361267,,,,9984.90000,
2M J044144,b,,-15.114249,176.510593,15.000000,,,2383.62000,
30 Ari B,b,40.13,-32.305302,151.487634,0.995000,0.012000,-0.012000,3140.02812,
42 Dra,b,97.28,27.125611,95.419171,1.190000,0.010000,-0.010000,1233.12845,
47 Uma,b,14.08,63.369127,175.782531,2.100000,0.020000,-0.020000,804.00000,
47 Uma,c,14.08,63.369127,175.782531,3.600000,0.100000,-0.100000,172.00000,
47 Uma,d,14.08,63.369127,175.782531,11.600000,2.100000,-2.900000,521.00000,
4 Uma,b,77.40,35.956900,151.358914,0.870000,0.040000,-0.040000,2256.49800,
51 Peg,b,15.36,-34.727214,90.062611,0.052700,0.003000,-0.003000,150.00000,
55 Cnc,b,12.53,37.698968,196.794709,0.115000,0.000001,-0.000001,261.88100,
55 Cnc,c,12.53,37.698968,196.794709,0.240000,0.000045,-0.000045,53.71100,
55 Cnc,d,12.53,37.698968,196.794709,5.770000,0.110000,-0.110000,1218.82700,
55 Cnc,e,12.53,37.698968,196.794709,0.015730,0.000540,-0.000540,8.58105,1.637
55 Cnc,f,12.53,37.698968,196.794709,0.781000,0.007000,-0.007000,45.76559,
61 Vir,b,8.52,44.092637,311.859025,0.050201,0.000005,-0.000005,5.08507,
61 Vir,c,8.52,44.092637,311.859025,0.217500,0.000100,-0.000100,18.21089,
61 Vir,d,8.52,44.092637,311.859025,0.476000,0.001000,-0.001000,22.88280,
6 Lyn,b,56.95,20.189874,156.971465,2.180000,0.050000,-0.060000,702.00000,
70 Vir,b,18.11,74.100664,337.665279,0.484000,0.028000,-0.028000,2380.00000,
7 CMa,b,19.84,-11.796021,228.688399,1.900000,0.100000,-0.100000,826.00000,
81 Cet,b,97.18,-55.249930,174.486548,2.500000,,,1684.42800,
AB Pic,b,45.52,-26.930799,266.943713,260.000000,,,4290.52400,
HIP 9884,b,20.21,-36.205483,144.578434,1.200000,,,572.07000,
BD-082823,b,42.09,34.756008,248.496598,0.056000,0.002000,-0.002000,14.00000,
BD-082823,c,42.09,34.756008,248.496598,0.680000,0.020000,-0.020000,100.00000,
BD-10 3166,b,,43.238448,263.285542,0.045200,0.002600,-0.002600,146.00000,
BD+14 4559,b,50.03,-22.630868,64.417655,0.777000,,,467.19000,
BD-17 63,b,37.54,-77.878025,95.838660,1.340000,0.020000,-0.020000,1620.86472,
BD+20 2457,b,,53.952466,216.044637,1.450000,,,6807.63181,
BD+20 2457,c,,53.952466,216.044637,2.010000,,,3963.17314,
BD +48 738,b,,-9.378616,140.808446,1.000000,,,289.00000,
beta Pic,b,19.28,-30.611632,258.363880,8.000000,,,2542.53300,
BOKS-1,b,,11.633380,79.292224,0.047700,0.000700,-0.000700,,12.442
CoRoT-10,b,,-6.952866,37.360770,0.105500,0.002100,-0.002100,873.99600,10.873
CoRoT-11,b,,4.630184,37.240052,0.043600,0.005000,-0.005000,740.51300,16.029
CoRoT-12,b,,-2.454352,213.131578,0.040160,0.000930,-0.000920,291.43800,16.141
CoRoT-13,b,,-2.439602,217.398629,0.051000,0.003100,-0.003100,415.70400,9.920
CoRoT-14,b,,-2.020520,218.117909,,,,2409.05000,12.218
CoRoT-16,b,,1.101178,25.614289,0.061800,0.001500,-0.001500,170.03200,13.114
CoRoT-17,b,,0.666416,25.152987,0.046100,0.000800,-0.000800,772.29400,11.433
CoRoT-18,b,,-4.184836,210.819116,0.029500,0.001600,-0.001600,1102.82000,14.684
CoRoT-19,b,,-5.261174,210.420555,0.051800,0.000800,-0.000800,352.80000,14.460
CoRoT-1,b,,-2.107036,215.338872,0.025400,0.000400,-0.000400,327.35111,16.701
CoRoT-20,b,,-4.468533,210.381237,0.090200,,,1348.00000,9.420
CoRoT-23,b,,4.719742,35.417464,0.048000,0.004000,-0.004000,890.00000,11.770
CoRoT-2,b,,-7.290922,38.262670,0.028100,0.000900,-0.000900,1051.97300,16.421
CoRoT-3,b,,-8.120552,37.262944,0.057000,0.003000,-0.003000,6883.90800,11.321
CoRoT-4,b,,-0.898357,213.227628,0.090000,0.001000,-0.001000,228.82800,13.339
CoRoT-5,b,,-1.036103,211.484737,0.049470,0.000260,-0.000290,148.00000,15.500
CoRoT-6,b,,4.615925,38.062962,0.085500,0.001500,-0.001500,941.00000,13.068
CoRoT-7,b,,-2.178513,213.010460,0.017200,0.000290,-0.000290,4.80000,1.680
CoRoT-7,c,,-2.178513,213.010460,0.046000,,,8.39036,
CoRoT-8,b,,-7.104052,38.212920,0.063000,0.001000,-0.001000,69.91970,6.389
CoRoT-9,b,,4.662240,37.523411,0.407000,0.005000,-0.005000,266.96600,11.769
CT Cha,b,,-14.909141,296.653702,440.000000,,,5402.88200,24.660
DP Leo,b,,66.456659,230.897313,8.600000,,,1995.88832,
eps Eridani,b,3.22,-48.051279,195.844698,3.390000,0.360000,-0.360000,492.61600,
eps Tau,b,47.53,-19.923586,177.596421,1.930000,0.030000,-0.030000,2415.40624,
Fomalhaut,b,7.69,-64.909570,20.488021,115.000000,,,953.45000,
FU Tau,b,,-16.960787,172.115587,,,,4767.25000,
gamma 1 Leo,b,38.52,54.652393,216.551735,1.190000,0.020000,-0.020000,2790.42984,
gamma Cephei,b,13.79,15.315533,118.992180,2.130000,0.050000,-0.050000,540.00000,
GJ 1214,b,,23.610853,26.163964,0.009492,0.000400,-0.000400,6.55000,2.678
GJ 3021,b,17.62,-37.144007,304.871337,0.490000,,,1071.04198,
GJ 317,b,,11.189974,246.799395,1.150000,0.050000,-0.050000,794.54200,
GJ 317,c,,11.189974,246.799395,25.000000,15.000000,-15.000000,635.63300,
GJ 3634,b,,25.810030,276.223415,0.028700,0.001000,-0.001100,7.00000,
GJ 433,b,9.04,27.654775,284.883981,,,,6.03852,
GJ 436,b,10.23,74.568904,210.542041,0.028500,,,22.70000,4.040
GJ 649,b,10.32,35.337414,46.523749,1.135000,0.035000,-0.035000,104.00000,
GJ 667C,b,,1.414650,351.839581,0.049000,,,5.68570,
GJ 667C,c,,1.414650,351.839581,0.123000,0.020000,-0.020000,4.54500,
GJ 674,b,4.54,-6.777523,343.003882,0.039000,,,11.09000,
GJ 676A,b,16.13,-9.542696,339.103970,,,,1271.26644,
GJ 832,b,4.94,-46.349541,349.172997,3.400000,0.400000,-0.400000,203.40263,
Gj 849,b,8.77,-45.399081,55.890562,2.350000,,,260.00000,
Gl 179,b,12.12,-22.862487,192.225850,2.410000,0.040000,-0.040000,260.00000,
Gl 581,b,6.27,40.018750,354.077543,0.040000,,,15.65000,
Gl 581,c,6.27,40.018750,354.077543,0.070000,,,5.36000,
Gl 581,d,6.27,40.018750,354.077543,0.220000,,,7.09000,
Gl 581,e,6.27,40.018750,354.077543,0.030000,,,1.94000,
Gl 86,b,10.91,-61.960869,275.926290,0.113000,0.006500,-0.006500,1243.00000,
Gliese 876,b,4.70,-59.630067,52.003955,0.211000,,,839.00000,
Gliese 876,c,4.70,-59.630067,52.003955,0.132000,,,260.00000,
Gliese 876,d,4.70,-59.630067,52.003955,0.021000,,,6.30000,
Gliese 876,e,4.70,-59.630067,52.003955,0.334300,0.001300,-0.001300,124.26000,
GQ Lup,b,,14.511039,338.925673,,,,6830.00000,20.000
GSC 06214-00210,b,,20.124738,355.261958,,,,4449.43000,
HAT-P-11,b,36.36,10.772474,81.833662,0.053000,0.000200,-0.000800,25.74315,4.730
HAT-P-12,b,,68.875804,87.991696,0.038400,0.000300,-0.000300,67.10000,10.700
HAT-P-13,b,,37.542172,172.498255,0.042700,0.000600,-0.001200,271.00000,14.360
HAT-P-13,c,,37.542172,172.498255,1.188000,0.018000,-0.033000,4830.00000,
HAT-P-14,b,,33.537604,62.589094,0.060600,0.000700,-0.000700,709.36700,12.890
HAT-P-15,b,,-6.891566,161.558568,0.096400,0.001400,-0.001400,618.47100,12.016
HAT-P-16,b,,-20.342618,120.346854,0.041300,0.000400,-0.000400,1332.61000,14.448
HAT-P-17,b,,-16.176687,80.852110,0.088200,0.001400,-0.001400,168.44300,11.321
HAT-P-17,c,,-16.176687,80.852110,2.750000,0.120000,-0.120000,444.94300,
HAT-P-18,b,,35.561804,55.652182,0.055900,0.000700,-0.000700,62.60990,11.153
HAT-P-19,b,,-28.079258,119.817745,0.046600,0.000800,-0.000800,92.80250,12.689
HAT-P-1,b,,-19.036217,99.791512,0.055310,0.001400,-0.001400,167.00000,13.730
HAT-P-20,b,,18.394672,194.414905,0.036100,0.000500,-0.000500,2302.90000,9.718
HAT-P-21,b,,67.463713,169.324835,0.049400,0.000700,-0.000700,1291.29000,11.478
HAT-P-22,b,,53.566834,163.647264,0.041400,0.000500,-0.000500,682.35200,12.106
HAT-P-23,b,,-11.834165,58.936294,0.023200,0.000200,-0.000200,664.23700,15.334
HAT-P-24,b,,11.653161,202.738016,0.046500,0.000600,-0.000600,217.70400,13.922
HAT-P-25,b,,-27.442491,159.314258,0.046600,0.000500,-0.000500,180.20200,13.339
HAT-P-26,b,,59.873133,346.513394,0.047900,0.000600,-0.000600,18.75120,6.333
HAT-P-27,b,,54.543954,1.683409,0.040300,0.000500,-0.000500,209.75900,11.635
HAT-P-28,b,,-28.143139,123.063604,0.043400,0.000700,-0.000700,198.95300,13.585
HAT-P-29,b,,-9.107909,135.470653,0.066700,0.000800,-0.000800,247.26100,12.408
HAT-P-2,b,135.32,45.232339,65.020956,0.068780,0.000680,-0.000680,2890.00000,12.970
HAT-P-30,b,,21.405463,217.412057,0.041900,0.000500,-0.000500,225.96800,15.020
HAT-P-31,b,,21.063456,52.720282,0.055000,0.015000,-0.015000,689.98000,11.994
HAT-P-31,c,,21.063456,52.720282,,,,1080.58000,
HAT-P-32,b,,-14.372978,135.698586,0.034400,0.000400,-0.000700,299.06500,22.833
HAT-P-33,b,,22.730100,185.307412,0.050300,0.001100,-0.001100,242.49400,20.479
HAT-P-34,b,,-8.758864,58.541037,0.067700,0.000800,-0.000800,1057.70000,13.417
HAT-P-35,b,,20.308229,218.073922,0.049800,0.000600,-0.000600,334.98000,14.930
HAT-P-36,b,,71.837171,133.413816,0.023800,0.000400,-0.000400,582.24000,14.168
HAT-P-37,b,,19.983617,81.208299,0.037900,0.000600,-0.000600,371.53000,13.204
HAT-P-3,b,,66.692503,100.166723,0.038940,0.000700,-0.000700,190.37200,9.976
HAT-P-4,b,,57.336273,58.479782,0.044380,0.000810,-0.001500,213.00000,14.280
HAT-P-5,b,,22.149225,63.936604,0.040710,0.000490,-0.000970,337.00000,14.060
HAT-P-6,b,,-18.435101,108.963542,0.052370,0.000850,-0.000900,336.60000,14.910
HAT-P-7,b,,13.975376,80.032910,0.032000,0.003300,-0.001300,570.00000,16.000
HAT-P-8,b,,-21.382393,97.144567,0.048700,0.002600,-0.002600,483.00000,16.800
HAT-P-9,b,,21.442699,181.086640,0.053000,0.002000,-0.002000,250.00000,15.700
HD 100655,b,140.85,71.319178,229.798958,0.760000,0.020000,-0.040000,540.00000,
HD 100777,b,52.80,53.257072,270.285305,1.030000,0.030000,-0.030000,368.66700,
HD 10180,c,39.39,-55.693915,292.805329,0.064100,0.001000,-0.001000,13.10000,
HD 10180,d,39.39,-55.693915,292.805329,0.128600,0.002000,-0.002000,11.75000,
HD 10180,e,39.39,-55.693915,292.805329,0.269900,0.004200,-0.004200,25.10000,
HD 10180,f,39.39,-55.693915,292.805329,0.492900,0.007800,-0.007800,23.90000,
HD 10180,g,39.39,-55.693915,292.805329,1.422000,0.026000,-0.026000,21.40000,
HD 10180,h,39.39,-55.693915,292.805329,3.400000,0.110000,-0.110000,64.40000,
HD 101930,b,30.50,3.683337,294.010351,0.302000,,,95.34498,
HD 102117,b,42.00,3.055400,294.360396,0.153200,0.008800,-0.008800,54.66400,
HD 102195,b,28.98,61.050029,267.218171,,,,140.00000,
HD 102272,b,164.20,70.022167,250.293857,0.614000,0.001000,-0.001000,1875.11800,
HD 102272,c,164.20,70.022167,250.293857,1.570000,0.050000,-0.050000,826.32300,
HD 102329,b,138.50,61.746619,266.983709,2.010000,,,1880.00000,
HD 102365,b,9.24,20.710077,289.799073,0.460000,0.040000,-0.040000,16.00000,
HD 102956,b,121.07,57.699218,137.972397,0.081000,0.002000,-0.002000,305.10400,
HD 103197,b,49.33,11.497695,293.448514,,,,31.78166,
HD 104067,b,20.82,40.860006,286.654418,0.264300,0.004500,-0.004500,59.11390,
HD 104985,b,102.04,39.917103,126.321539,0.780000,,,2000.00000,
HD 106252,b,37.44,70.713178,273.502761,2.611000,0.026000,-0.026000,2200.00000,
HD 106270,b,87.87,52.228706,287.595668,4.300000,,,3500.00000,
HD 10647,b,17.35,-61.769326,286.897363,2.030000,0.150000,-0.150000,300.00000,
HIP 59743A,b,36.36,54.507094,287.285812,,,,3337.00000,
HD 10697,b,32.56,-41.043341,139.671366,2.131000,0.018000,-0.018000,1970.00000,
HD 107148,b,51.26,58.575395,287.371830,0.269000,0.016000,-0.016000,66.74100,
HD 108147,b,38.56,-1.290217,300.125329,0.102000,0.005900,-0.005900,83.00000,
HD 108863,b,138.50,82.939960,258.985622,1.400000,,,826.00000,
HD 108874,b,68.54,83.624599,253.571088,1.053000,0.061000,-0.061000,426.00000,
HD 108874,c,68.54,83.624599,253.571088,2.770000,0.160000,-0.160000,338.20000,
HD 109246,b,65.62,42.573013,124.683863,0.330000,0.080000,-0.080000,244.71900,
HD 109749,b,59.03,21.980192,300.042221,0.063500,,,89.00000,
HD 110014,b,97.66,54.752220,297.697047,2.140000,0.030000,-0.030000,3525.00000,
HD 111232,b,28.88,-5.554526,302.694112,1.970000,,,2160.00000,
HD 113538,b,15.71,10.373918,305.025704,0.710000,0.010000,-0.010000,85.81050,
HD 113538,c,15.71,10.373918,305.025704,2.430000,0.060000,-0.060000,225.65000,
HD 114386,b,28.04,27.651165,307.373028,1.650000,,,394.09260,
HIP 64295,c,28.04,27.651165,307.373028,,,,377.00000,
HD 114729,b,35.00,30.780665,308.195212,2.110000,0.120000,-0.120000,300.00000,
HD 114762,b,40.57,79.246772,330.658680,0.363000,0.021000,-0.021000,3710.00000,
HD 114783,b,20.43,60.162079,313.669265,1.160000,0.019000,-0.019000,350.00000,
HD 11506,b,53.82,-73.994616,187.757215,2.430000,0.240000,-0.120000,1093.28900,
HD 11506,c,53.82,-73.994616,187.757215,0.639000,0.007000,-0.017000,260.61000,
HD 116029,b,110.62,82.977258,13.885099,1.730000,,,667.00000,
HD 117207,b,33.01,26.665355,311.552426,3.790000,0.220000,-0.220000,597.00000,
HD 117618,b,38.02,15.028259,310.111452,0.176000,0.010000,-0.010000,56.60000,
HD 118203,b,88.57,62.261510,109.344272,0.070000,,,677.00000,
HD 11964,b,33.98,-67.090456,168.577683,3.160000,0.190000,-0.190000,198.00000,
HD 11964,c,33.98,-67.090456,168.577683,0.229000,0.013000,-0.013000,25.00000,
HD 11977,b,66.49,-48.355358,293.925449,1.930000,,,2080.00000,
HD 121504,b,44.37,5.657071,312.085268,0.330000,,,388.00000,
HD 122430,b,133.16,32.842789,321.704543,1.020000,,,1180.00000,
HD 125595,b,27.45,19.316652,320.911149,0.080900,0.001400,-0.001400,13.12580,
HD 125612,b,52.83,40.395578,331.389895,1.370000,,,968.00000,
HD 125612,c,52.83,40.395578,331.389895,0.050000,,,18.00000,
HD 125612,d,52.83,40.395578,331.389895,4.200000,,,2286.00000,
HD 126525,b,38.05,8.175663,317.624816,1.810500,,,71.19000,
HD 126614,b,68.35,50.315234,342.012778,2.350000,0.020000,-0.020000,120.00000,
HD 12661,b,37.16,-34.582301,143.063016,0.831000,0.048000,-0.048000,731.00000,
HD 12661,c,37.16,-34.582301,143.063016,2.900000,0.170000,-0.170000,610.00000,
HD 128311,b,16.57,59.837362,2.729702,1.086000,0.008000,-0.008000,461.00000,
HD 128311,c,16.57,59.837362,2.729702,1.745000,0.017000,-0.017000,1030.00000,
HD 129445,b,67.61,-8.170266,313.038172,2.900000,0.200000,-0.200000,508.50700,
HD 130322,b,29.76,50.891193,353.214842,0.089600,0.000600,-0.000600,331.00000,
HD 131496,b,121.36,60.588702,21.811605,2.090000,,,699.00000,
HD 131664,b,57.21,-12.929855,311.837849,3.170000,0.030000,-0.030000,5768.37100,
HD 13189,b,300.30,-27.708512,141.567826,1.850000,0.350000,-0.350000,4400.00000,
HD 132406,b,70.97,55.010121,90.149308,1.980000,,,1782.95100,
HD 132563,b,98.52,59.442534,74.894377,2.620000,0.040000,-0.040000,473.54700,
HD 134060,b,24.15,-2.921059,318.807005,0.044400,,,11.16000,
HD 134060,c,24.15,-2.921059,318.807005,2.226300,,,47.89500,
HD 134606,b,26.91,-10.930882,314.434672,0.102300,,,9.28000,
HD 134606,c,26.91,-10.930882,314.434672,0.296200,,,12.14000,
HD 134606,d,26.91,-10.930882,314.434672,1.156700,,,38.46000,
HD 134987,b,25.65,27.386414,339.186087,0.810000,0.020000,-0.020000,505.00000,
HD 134987,c,25.65,27.386414,339.186087,5.800000,0.500000,-0.500000,260.00000,
HD 136352,b,14.56,7.378274,327.077219,0.093300,,,5.27600,
HD 136352,c,14.56,7.378274,327.077219,0.166500,,,11.38000,
HD 136352,d,14.56,7.378274,327.077219,0.411000,,,9.50000,
HD 136418,b,106.38,56.567369,68.487010,1.320000,0.030000,-0.030000,635.63300,
HD 137388,b,38.45,-19.582249,309.743435,0.890000,0.020000,-0.020000,70.87310,
HD 13808,b,28.60,-59.460400,279.093809,0.101700,,,10.33000,
HD 13808,c,28.60,-59.460400,279.093809,0.247600,,,11.40000,
HD 13931,b,45.52,-16.447877,138.831694,5.150000,0.290000,-0.290000,597.00000,
HD 139357,b,121.36,49.847437,86.159535,2.360000,0.200000,-0.200000,3101.89000,
HD 141937,b,33.46,26.781275,351.888654,1.520000,,,3080.00000,
HD 142022 A,b,35.87,-23.317230,307.720278,3.030000,0.050000,-0.050000,1600.00000,
HD 142245,b,106.38,46.383524,26.943759,2.770000,,,604.00000,
HD 142415,b,34.57,-5.253831,324.177899,1.050000,,,515.00000,
HD 142,b,25.64,-66.386565,321.587087,1.045000,0.061000,-0.061000,416.00000,
HD 143361,b,59.35,6.274062,334.969392,2.000000,,,991.58800,
HD 145377,b,55.19,17.538805,348.638427,0.450000,0.004000,-0.004000,1830.62400,
HD 145457,b,126.10,46.030237,44.301478,0.760000,,,921.66800,
HD 1461,b,23.44,-69.408826,99.302569,0.063438,0.000018,-0.000018,7.60000,
HD 1461,c,23.44,-69.408826,99.302569,0.111700,,,5.91100,
HD 147018,b,42.68,-8.440474,325.411862,0.238800,0.003900,-0.003900,674.00000,
HD 147018,c,42.68,-8.440474,325.411862,1.922000,0.039000,-0.039000,2080.00000,
HD 147513,b,12.87,7.212732,341.620812,1.320000,,,385.00000,
HD 148156,b,53.05,1.701676,337.022602,2.450000,0.040000,-0.050000,270.14400,
HD 148427,b,59.28,23.581615,2.417369,0.930000,0.010000,-0.010000,310.00000,
HD 149026,b,78.86,43.283307,61.296758,0.043200,0.002000,-0.001700,114.40000,8.450
HD 149143,b,63.49,31.481715,17.516745,0.053000,,,423.00000,
HD 149382,b,76.51,27.897819,11.816054,,,,4930.00000,
HD 1502,b,167.50,-48.084195,111.216101,1.310000,,,985.00000,
HD 150433,b,29.55,27.119711,13.946174,1.930300,,,53.39000,
HD 152079,b,85.18,-1.568839,339.892243,3.200000,2.100000,-2.100000,953.45000,
HD 152581,b,182.82,31.490882,30.611579,1.480000,,,477.00000,
HD 153950,b,51.87,-1.231061,343.476552,1.280000,0.010000,-0.010000,867.63900,
HD 154088,b,18.08,7.673570,355.237225,0.131600,,,6.13400,
HD 154345,b,18.06,37.663548,73.022221,4.190000,0.260000,-0.260000,300.97200,
HD 154672,b,65.79,-9.759043,333.385298,0.600000,,,1600.00000,
HD 154857,b,68.54,-10.025285,333.288207,1.200000,0.200000,-0.200000,570.00000,
HD 155358,b,43.40,34.774314,56.283883,0.640000,0.010000,-0.010000,270.00000,
HD 155358,c,43.40,34.774314,56.283883,1.020000,0.020000,-0.020000,261.00000,
HD 156279,b,35.37,35.081848,93.085409,0.495000,0.017000,-0.017000,3086.00000,
HD 156411,b,55.10,-6.463043,340.791106,,,,238.36246,
HD 156668,b,24.05,32.114439,51.968206,0.050000,0.000700,-0.000700,4.15000,
HD 156846,b,49.00,9.982396,5.034468,1.096000,0.021000,-0.021000,3359.32000,
HD 157172,b,33.48,9.432559,5.059542,0.416000,,,38.10000,
HD 158038,b,114.15,29.866332,50.396886,1.520000,,,572.00000,
HD 159868,b,52.72,-6.313158,347.174666,2.000000,0.300000,-0.300000,540.28800,
HD 160691,b,15.28,-11.498059,340.060663,1.497000,,,532.66100,
HD 160691,c,15.28,-11.498059,340.060663,5.235000,,,576.51900,
HD 160691,d,15.28,-11.498059,340.060663,0.090940,,,10.55470,
HD 160691,e,15.28,-11.498059,340.060663,0.921000,,,165.86800,
HD 16141,b,35.91,-55.778530,173.939962,0.363000,0.021000,-0.021000,82.60000,
HD 16175,b,59.84,-16.639863,143.083970,2.100000,0.080000,-0.080000,1398.00000,
HD 162020,b,31.26,-6.726065,350.738993,0.074000,,,4580.00000,
HD 163607,b,69.44,30.172995,84.613797,0.360000,,,245.00000,
HD 163607,c,69.44,30.172995,84.613797,2.420000,,,727.80000,
HD 16417,b,25.54,-66.237788,237.693025,0.140000,0.010000,-0.010000,22.10000,
HD 164509,b,51.81,11.136603,27.263636,0.875000,,,153.00000,
HD 164604,b,37.98,-3.118567,2.263568,1.300000,0.050000,-0.050000,858.10500,
HD 164922,b,21.92,21.785742,52.297843,2.110000,0.130000,-0.130000,114.41400,
HIP 89354,b,42.99,-11.648128,350.821970,,,,1310.00000,
HD 167042,b,50.00,27.547296,82.547690,1.300000,,,540.00000,
HD 16760,b,50.18,-19.323913,145.591012,1.130000,0.030000,-0.030000,4544.77754,
HD 168443,b,37.88,2.506944,20.814733,0.300000,0.017000,-0.017000,2548.88922,
HD 168443,c,37.88,2.506944,20.814733,2.910000,0.170000,-0.170000,5752.48100,
HD 168746,b,43.12,1.030458,18.963816,0.065000,,,73.09782,
HD 1690,b,7.01,-69.841172,100.754001,1.300000,0.020000,-0.020000,1938.68000,
HD 169830,b,36.32,-8.471045,3.686706,0.810000,,,915.31184,
HD 169830,c,36.32,-8.471045,3.686706,3.600000,,,1283.97911,
HD 170469,b,64.98,10.190968,40.940178,2.100000,,,212.93700,
HD 17092,b,,-9.074674,141.303151,1.290000,0.050000,-0.050000,1461.95641,
HD 171028,b,,7.411306,36.967568,1.290000,,,581.60400,
HD 171238,b,44.05,-9.054434,5.945468,2.540000,0.060000,-0.060000,826.32319,
HD 17156,b,78.25,10.993765,131.989844,0.162300,0.001500,-0.002000,1020.82700,11.467
HD 173416,b,134.95,17.219425,65.742045,1.160000,0.060000,-0.060000,858.10485,
HD 175167,b,67.02,-26.087942,325.362763,2.400000,0.050000,-0.050000,2478.97000,
HD 175541,b,127.55,1.001771,37.211461,1.030000,,,193.86813,
HD 176051,b,14.98,13.265764,63.348231,,,,476.72500,
HD 177830,b,59.03,8.671962,57.684200,1.221800,0.000800,-0.000800,473.54700,
HD 177830,c,59.03,8.671962,57.684200,0.513700,0.000300,-0.000300,47.67250,
HD 178911 B,b,46.73,11.693783,65.991560,0.320000,,,1999.70200,
HD 179079,b,63.69,-5.590300,32.827590,0.110000,,,25.42533,
HD 179949,b,27.05,-15.785866,13.455506,0.045000,0.001000,-0.001000,301.92578,
HIP 94576,b,131.75,9.418934,64.010376,1.400000,,,6991.97000,
HD 180902,b,114.55,-16.329700,14.398802,1.390000,0.040000,-0.040000,508.50700,
HD 181342,b,115.47,-16.728267,14.505024,1.780000,0.070000,-0.070000,1048.79000,
HD 181433,b,26.15,-28.044572,329.513763,0.080000,,,7.56404,
HD 181433,c,26.15,-28.044572,329.513763,1.760000,,,203.40263,
HD 181433,d,26.15,-28.044572,329.513763,3.000000,,,171.62100,
HD 181720,b,55.93,-20.486595,5.516710,,,,117.59215,
HD 183263,b,52.83,-4.309800,44.609354,1.520000,,,1172.74329,
HD 183263,c,52.83,-4.309800,44.609354,4.250000,0.470000,-0.470000,1214.05900,
HD 185269,b,47.37,3.580696,63.271653,0.077000,,,298.74761,
HD 187085,b,44.98,-27.119872,2.201901,2.050000,,,238.36246,
HD 187123,b,47.92,4.680152,69.465917,0.042000,,,165.26464,
HD 187123,c,47.92,4.680152,69.465917,4.890000,0.530000,-0.530000,632.45500,
HD 18742,b,127.88,-60.004592,207.804780,1.920000,,,858.00000,
HD 188015,b,52.63,0.542882,64.560437,1.190000,,,400.44893,
HD 189567,b,17.72,-31.989457,328.465623,0.109900,,,10.04000,
HD 189733,b,19.25,-3.922181,60.963018,0.030990,0.000600,-0.000630,359.13277,12.756
HD 190228,b,62.11,-1.405387,65.993440,2.310000,,,1585.90489,
HD 190360,b,15.89,-0.672376,67.410863,3.920000,0.200000,-0.200000,477.36055,
HD 190360,c,15.89,-0.672376,67.410863,0.128000,0.002000,-0.002000,18.11555,
HD 190647,b,54.23,-30.032368,5.661425,2.070000,0.060000,-0.060000,603.85200,
HD 190984,b,189.39,-32.857952,331.579027,,,,985.23149,
HD 192263,b,19.89,-18.697767,41.874902,0.150000,,,228.82800,
HD 192310,b,8.82,-29.397370,15.624477,0.320000,0.005000,-0.005000,16.90000,
HD 192310,c,8.82,-29.397370,15.624477,1.180000,0.025000,-0.025000,24.00000,
HD 192699,b,67.39,-16.492966,47.130525,1.160000,,,794.54153,
HD 195019,b,37.35,-11.475542,61.155942,0.138800,0.008000,-0.008000,1175.92100,
HD 196050,b,46.93,-36.359517,335.918930,2.500000,,,953.44983,
HIP 102125,b,43.57,-33.048452,318.444099,,,,2257.00000,
HD 196885,b,32.99,-17.985355,56.309425,2.370000,0.020000,-0.020000,819.96700,
HD 197037,b,32.83,0.412927,81.677148,2.070000,0.050000,-0.050000,251.00000,
HD 19994,b,22.38,-47.341631,181.504140,1.420000,,,533.93191,
HD 20003,b,43.08,-41.176327,289.876781,0.097400,,,12.01000,
HD 20003,c,43.08,-41.176327,289.876781,0.196100,,,13.41000,
HD 200964,b,68.35,-27.635478,53.564734,1.710000,0.040000,-0.040000,603.85200,
HD 200964,c,68.35,-27.635478,53.564734,2.030000,0.060000,-0.060000,413.16200,
HD 202206,b,46.34,-40.504518,27.950002,0.830000,,,5530.00903,
HD 202206,c,46.34,-40.504518,27.950002,2.550000,,,775.47253,
HD 20367,b,27.13,-22.101493,156.320123,1.250000,,,340.06377,
HD 2039,b,89.85,-60.083260,310.403585,2.200000,0.200000,-0.200000,1557.30139,
HD 204313,b,47.30,-43.728032,28.027798,3.082000,0.055000,-0.055000,1287.15727,
HD 204313,c,47.30,-43.728032,28.027798,0.210300,,,17.20000,
HD 204941,b,26.95,-44.424347,29.459195,2.560000,0.080000,-0.080000,84.53920,
HD 205739,b,90.33,-47.999168,14.613677,0.896000,0.019000,-0.015000,435.40876,
HD 206610,b,170.07,-41.348121,47.876544,1.680000,0.050000,-0.050000,699.19700,
HD 20781,b,35.89,-57.273304,224.672577,0.169000,,,12.05000,
HD 20781,c,35.89,-57.273304,224.672577,0.345600,,,15.76000,
HD 20782,b,36.02,-57.278479,224.802219,1.381000,0.005000,-0.005000,603.85156,
HD 20794,b,6.06,-56.076800,250.746259,0.120700,0.002000,-0.002000,2.70000,
HD 20794,c,6.06,-56.076800,250.746259,0.203600,0.003400,-0.003400,2.40000,
HD 20794,d,6.06,-56.076800,250.746259,0.349900,0.005900,-0.005900,4.80000,
HD 208487,b,43.99,-52.127118,5.411060,0.490000,0.040000,-0.040000,143.01747,
HD 20868,b,44.50,-57.334925,233.839264,0.947000,0.012000,-0.012000,632.45506,
HD 209458,b,47.08,-28.526856,76.753292,0.047070,0.000460,-0.000470,217.70438,14.796
HD 210277,b,21.29,-46.965096,52.350323,1.100000,0.020000,-0.020000,390.91443,
HD 210702,b,55.93,-32.021007,76.293469,1.170000,,,635.63300,
HD 212301,b,52.72,-36.780364,311.909022,0.036000,,,143.01700,
HD 212771,b,121.80,-55.291110,41.794446,1.220000,0.030000,-0.030000,730.97800,
HD 213240,b,40.75,-55.072452,343.719946,2.030000,,,1430.17475,
HD 215152,b,21.52,-53.198176,61.338158,0.065200,,,2.77000,
HD 215152,c,21.52,-53.198176,61.338158,0.085200,,,3.08000,
HD 215456,b,38.64,-57.458697,342.305510,0.652000,,,32.10000,
HD 215456,c,38.64,-57.458697,342.305510,3.394000,,,78.18000,
HD 215497,b,43.53,-53.102659,331.295333,,,,5.40288,
HD 215497,c,43.53,-53.102659,331.295333,,,,104.87948,
HD 216435,b,33.29,-58.709838,341.693410,2.560000,0.170000,-0.170000,400.44893,
HD 216437,b,26.52,-43.905396,316.272217,2.700000,,,667.41488,
HD 216770,b,37.89,-64.291081,27.308602,0.460000,,,206.58100,
HD 21693,b,32.31,-48.724670,272.909794,0.148400,,,10.23000,
HD 21693,c,32.31,-48.724670,272.909794,0.264400,,,20.56900,
HD 217107,b,19.72,-53.324016,70.474077,0.073000,0.001000,-0.001000,422.69609,
HD 217107,c,19.72,-53.324016,70.474077,5.270000,0.360000,-0.360000,791.36336,
HD 217786,b,54.92,-52.735612,74.194184,2.380000,0.040000,-0.040000,4131.62000,
HD 218566,b,29.94,-55.106682,74.013661,0.687300,0.000800,-0.000800,66.74150,
HD 219449,b,45.52,-61.112023,67.071988,0.300000,,,921.66817,
HD 219828,b,81.10,-39.013487,94.265779,0.052000,,,20.97590,
HIP 115662,b,45.23,-69.419219,46.760446,,,,377.00000,
HD 220773,b,48.43,-48.724868,90.039729,4.940000,0.200000,-0.200000,460.80000,
HD 221287,b,52.88,-55.902883,321.703012,1.250000,0.040000,-0.040000,982.05300,
HD 222582,b,41.95,-63.151888,81.758521,1.350000,0.080000,-0.080000,2463.07874,
HD 224693,b,94.07,-77.401250,52.018930,0.233000,,,225.64979,
HD 22781,b,31.79,-18.567090,160.071964,1.167000,0.039000,-0.039000,4338.20000,
HD 23079,b,34.60,-49.652393,264.319295,1.650000,,,829.50135,
HD 23127,b,89.13,-46.483414,273.942917,2.400000,0.300000,-0.300000,476.72500,
HD 231701,b,108.46,-1.214977,52.175020,0.530000,,,317.81700,
HD 23596,b,51.97,-10.900346,155.551708,2.720000,,,2285.10143,
HD 240210,b,,-3.184851,109.493786,1.330000,,,2192.93500,
HD 240237,b,307.69,-2.502874,110.521002,1.900000,,,1680.00000,
HD 25171,b,56.05,-42.290052,278.805606,3.020000,0.160000,-0.160000,301.92600,
HD 2638,b,53.71,-68.034840,108.544445,0.044000,,,152.55197,
HD 27442,b,18.24,-42.563141,270.204259,1.180000,,,406.80526,
HIP 20199,b,44.54,-45.364829,246.323831,,,,540.30000,
HD 27894,b,42.37,-42.009689,270.101716,0.122000,,,197.04630,
HD 28185,b,39.56,-36.930958,205.593395,1.030000,,,1811.55500,
HD 28254,b,56.18,-43.590241,258.281637,,,,368.66727,
HD 285968,b,9.42,-17.426435,180.015407,0.066000,,,8.42214,
HD 28678,b,168.92,-28.197912,190.821451,1.240000,,,540.00000,
HD 290327,b,54.92,-20.581228,204.612647,,,,807.25419,
HD 30177,b,54.71,-39.734031,267.369772,3.860000,0.900000,-0.900000,2914.37832,
HD 30562,b,26.50,-29.824001,203.396346,2.300000,0.020000,-0.020000,409.98343,
HD 30856,b,121.07,-36.653814,224.272147,2.000000,,,572.00000,
HD 31253,b,53.82,-19.044108,187.392137,1.260000,0.006000,-0.006000,158.90800,
HD 31527,b,38.01,-35.153283,223.389266,0.125300,,,11.54000,
HD 31527,c,38.01,-35.153283,223.389266,0.266500,,,15.83000,
HD 31527,d,38.01,-35.153283,223.389266,0.818100,,,16.49000,
HD 32518,b,117.37,17.121583,142.122763,0.590000,0.030000,-0.030000,966.16250,
HD 330075,b,50.20,3.376207,329.806725,0.043000,,,241.54062,
HD 33142,b,136.80,-29.226453,214.337621,1.060000,,,413.00000,
HD 33283,b,86.88,-33.505333,228.496876,0.168000,,,104.87948,
HD 33564,b,20.98,22.648095,133.734459,1.100000,,,2892.13116,
HD 34445,b,45.01,-17.021819,195.038274,2.070000,0.020000,-0.020000,250.00000,
HD 3651,b,11.11,-41.533090,119.172655,0.295000,0.003000,-0.003000,72.80000,
HD 37124,b,33.24,-5.973532,185.962494,0.530000,,,193.86800,
HD 37124,c,33.24,-5.973532,185.962494,3.190000,0.180000,-0.180000,217.06875,
HD 37124,d,33.24,-5.973532,185.962494,1.640000,0.100000,-0.100000,198.31757,
HD 37605,b,42.88,-12.895244,199.104470,0.250000,,,730.97821,
HIP 26380,b,37.78,-31.153490,284.821794,1.020000,0.070000,-0.070000,108.05800,
HD 38529,b,42.43,-13.836886,204.317354,0.129000,,,247.89696,
HD 38529,c,42.43,-13.836886,204.317354,3.680000,,,4036.27096,
HD 38801,b,99.40,-17.863035,213.267761,1.700000,0.037000,-0.037000,3400.64000,
HD 38858,b,15.56,-15.841782,209.378147,1.037600,,,30.54000,
HD 39091,b,18.21,-29.776203,292.513482,3.290000,,,3289.40192,
HD 39194,b,25.59,-31.055885,280.615564,0.051900,,,3.71800,
HD 39194,c,25.59,-31.055885,280.615564,0.095400,,,5.94300,
HD 39194,d,25.59,-31.055885,280.615564,0.172000,,,5.14900,
HD 40307,b,12.83,-30.340297,268.814307,0.047000,,,4.19518,
HD 40307,c,12.83,-30.340297,268.814307,0.081000,,,6.86484,
HD 40307,d,12.83,-30.340297,268.814307,0.134000,,,9.15300,
HD 40979,b,33.33,10.871678,168.495027,0.811000,,,1055.15115,
HD 41004 A,b,43.03,-28.196110,255.488574,1.640000,,,807.25419,
HD 41004 B,b,43.03,-28.196126,255.488742,0.017700,,,5838.29000,
HD 4113,b,44.05,-79.008869,311.465495,1.280000,,,495.79391,
HD 4203,b,77.82,-42.394716,120.790360,1.164000,0.067000,-0.067000,657.88038,
HD 4208,b,32.70,-88.323786,53.969069,1.700000,,,254.25329,
HD 4308,b,21.85,-51.463851,304.054088,0.118000,0.009000,-0.009000,12.87157,
HD 4313,b,131.41,-54.998837,120.442132,1.190000,0.030000,-0.030000,730.97800,
HD 43197,b,54.94,-20.738599,236.814792,,,,190.68997,
HD 43691,b,93.20,11.932807,172.649463,0.240000,,,791.36336,
HD 43848,b,37.05,-23.514619,247.919577,3.400000,,,7945.41528,
HD 44219,b,50.43,-11.743341,219.077954,,,,184.33363,
HD 45184,b,22.04,-18.072800,236.625464,0.063800,,,13.00000,
HD 45350,b,48.95,12.613545,175.387961,1.920000,0.067000,-0.067000,568.89173,
HD 45364,b,32.58,-18.866953,239.355049,0.681300,,,59.49527,
HD 45364,c,32.58,-18.866953,239.355049,0.897200,,,209.09155,
HD 45652,b,36.14,0.109437,200.683896,0.230000,,,149.37381,
HD 46375,b,33.41,-1.545774,205.991660,0.041000,,,79.13634,
HD 47186,b,37.84,-15.306684,236.502898,0.050000,,,22.77792,
HD 47186,c,37.84,-15.306684,236.502898,2.395000,,,111.42968,
HD 47536,b,121.36,-16.777864,241.181679,,,,1589.08306,
HD 47536,c,121.36,-16.777864,241.181679,,,,2224.71628,
HD 48265,b,87.41,-21.780536,257.527069,1.510000,,,368.66727,
HD 49674,b,40.73,17.371504,175.338750,0.058000,0.003300,-0.003300,36.54900,
HD 50499,b,47.26,-14.625739,243.878274,3.860000,0.060000,-0.060000,543.46640,
HD 50554,b,31.03,11.469658,191.410151,2.380000,,,1557.30139,
HD 51608,b,34.07,-21.539054,265.155834,0.105900,,,13.13000,
HD 51608,c,34.07,-21.539054,265.155834,0.379100,,,17.96000,
HD 52265,b,28.07,-0.480917,218.717350,0.490000,0.008000,-0.008000,359.13277,
HD 5319,b,100.00,-62.068868,124.845632,1.750000,,,616.56423,
HD 5388,b,53.28,-69.708810,301.097037,,,,622.92056,
HD 5891,b,150.60,-42.527887,125.832726,0.760000,,,2420.00000,
HD 59686,b,92.51,16.441980,201.804004,0.911000,,,1668.53721,
HD 60532,b,25.70,-1.189628,237.497979,0.770000,,,1002.65000,
HD 60532,c,25.70,-1.189628,237.497979,1.580000,,,2371.99000,
HD 62509,b,10.34,23.406346,192.229328,1.690000,0.030000,-0.030000,921.66817,
HD 63454,b,35.80,-24.138304,290.354290,0.036000,,,120.77000,
HD 63765,b,32.62,-14.094317,267.196696,0.940000,0.016000,-0.016000,203.40300,
HD 6434,b,40.32,-77.337312,291.211336,0.150000,,,152.55197,
HD 65216,b,35.59,-17.614028,276.274504,1.370000,,,384.55810,
HIP 38558,c,35.59,-17.614028,276.274504,,,,712.00000,
HD 66428,b,55.04,15.418081,222.426215,3.180000,0.190000,-0.190000,896.24300,
HD 6718,b,55.01,-70.711886,135.281047,,,,524.39741,
HD 68988,b,58.82,33.919123,155.263155,0.071000,,,603.85156,
HD 69830,b,12.58,12.823793,234.563448,0.078500,,,10.48800,
HD 69830,c,12.58,12.823793,234.563448,0.186000,,,12.07703,
HD 69830,d,12.58,12.823793,234.563448,0.630000,,,18.43336,
HD 70573,b,,21.112152,222.065941,1.760000,0.050000,-0.050000,1938.68133,
HD 70642,b,28.76,-1.672688,257.612364,3.300000,,,635.63322,
HD 7199,b,35.88,-50.823757,299.842421,1.360000,0.020000,-0.020000,92.16680,
HD 72659,b,51.36,21.881152,226.753797,4.160000,,,940.73717,
HD 73256,b,36.52,6.450922,251.537675,0.037000,,,594.31706,
HD 73267,b,53.05,3.792466,255.086315,2.198000,0.025000,-0.025000,972.51883,
HD 73526,b,94.61,-0.185726,260.681157,0.660000,0.050000,-0.050000,921.66817,
HD 73526,c,94.61,-0.185726,260.681157,1.050000,0.080000,-0.080000,794.54153,
HD 73534,b,96.99,29.698263,213.052894,3.150000,,,365.48910,
HD 74156,b,64.56,26.705201,221.985014,0.294000,,,597.49500,
HD 74156,c,64.56,26.705201,221.985014,3.850000,,,2552.06739,
HD 74156,d,64.56,26.705201,221.985014,1.010000,,,125.85500,
HD 7449,b,38.52,-67.246005,137.918787,2.300000,0.040000,-0.040000,352.77600,
HD 7449,c,38.52,-67.246005,137.918787,4.960000,0.200000,-0.300000,635.63300,
HD 75289,b,28.94,1.089574,262.209386,0.046000,,,133.48298,
HD 75898,b,80.58,38.936477,190.969977,1.190000,,,797.71969,
HD 76700,b,59.70,-13.917959,282.490790,0.049000,0.004000,-0.004000,62.60987,
HD 7924,b,16.82,13.945745,124.735699,0.057000,,,9.21668,
HD 79498,b,48.64,41.321994,204.702265,3.130000,0.080000,-0.080000,425.90000,
HD 80606,b,29.04,44.311295,167.429268,0.449000,0.006000,-0.006000,1252.19745,11.534
HD 81040,b,32.56,42.326765,209.363802,1.940000,,,2180.22195,
HD 81688,b,88.26,46.074968,174.226664,0.810000,,,858.10485,
HD 82886,b,112.23,47.768699,190.027568,1.650000,,,413.00000,
HD 82943,b,27.46,28.251215,245.842637,1.180000,,,556.00000,
HD 82943,c,27.46,28.251215,245.842637,0.747000,,,639.00000,
HD 83443,b,43.53,6.679256,269.595451,0.040600,0.002300,-0.002300,127.00000,
HD 8535,b,56.34,-74.388894,279.920575,,,,200.22446,
HD 85390,b,33.96,3.185510,275.545963,,,,44.49433,
HD 85512,b,11.15,8.159949,271.675935,0.260000,0.005000,-0.005000,3.60000,
HD 8574,b,44.15,-33.719514,131.850302,0.757000,0.005000,-0.005000,572.00000,
HD 86081,b,91.16,37.609730,242.200793,0.039000,,,476.72492,
HD 86226,b,42.48,23.629380,259.395127,2.600000,0.400000,-0.400000,476.72500,
HD 86264,b,72.57,29.655768,253.159847,2.860000,0.070000,-0.070000,2224.71628,
HD 8673,b,38.26,-27.747646,131.000228,3.020000,0.150000,-0.150000,4513.00000,
HD 87883,b,18.06,54.540507,191.186608,3.600000,0.080000,-0.080000,565.71357,
HD 88133,b,74.46,51.898177,217.810456,0.047000,,,69.91965,
HD 89307,b,30.88,51.395667,227.304203,3.270000,0.070000,-0.070000,565.71357,
HD 89744,b,38.99,56.393689,178.389916,0.890000,,,2539.35472,
HD 90156,b,22.09,23.152132,268.372720,,,,17.47991,
HD 92788,b,32.32,47.352309,251.207220,0.970000,,,1226.77212,
HD 93083,b,28.90,22.221547,274.645270,0.477000,,,117.59215,
HD 93385,b,42.52,15.542511,279.100518,0.111600,,,8.35900,
HD 93385,c,42.52,15.542511,279.100518,0.257000,,,10.11000,
HD 9446,b,52.85,-32.720986,133.797807,0.189000,0.006000,-0.006000,222.47200,
HD 9446,c,52.85,-32.720986,133.797807,0.654000,0.022000,-0.022000,578.42600,
HD 95089,b,149.03,52.943472,251.412506,1.510000,0.050000,-0.050000,381.38000,
HD 96063,b,132.80,50.760624,257.778448,0.990000,,,290.00000,
HD 96127,b,221.24,62.735597,166.965638,1.400000,,,1300.00000,
HD 96167,b,84.03,44.578514,264.808564,1.300000,0.070000,-0.070000,216.11500,
HD 96700,b,26.21,27.582260,277.732593,0.077400,,,9.02600,
HD 96700,c,26.21,27.582260,277.732593,0.422000,,,13.00000,
HD 97658,b,21.30,68.295399,211.161966,0.083100,0.001100,-0.001100,8.26323,
HD 98219,b,150.38,34.122772,276.920577,1.230000,,,572.00000,
HIP 55409,b,42.77,35.107211,277.305382,,,,2225.00000,
HD 99109,b,60.46,54.484037,263.238611,1.105000,0.065000,-0.065000,159.54394,
HD 99492,b,17.99,58.508400,259.279563,0.121860,0.000020,-0.000020,27.65000,
HD 99492,c,17.99,58.508400,259.279563,5.400000,0.500000,-0.500000,114.41400,
HD 99706,b,130.89,66.296970,162.266818,2.140000,,,445.00000,
HIP 12961,b,23.80,-63.651535,210.539391,,,,149.37381,
HIP 13044,b,223.21,-63.806529,240.226542,0.116000,0.010000,-0.010000,397.27100,
HIP 14810,b,52.88,-31.094518,161.550961,0.069200,0.004000,-0.004000,1233.12845,
HIP 14810,c,52.88,-31.094518,161.550961,0.545000,0.031000,-0.031000,406.80526,
HIP 14810,d,52.88,-31.094518,161.550961,1.890000,0.110000,-0.110000,181.15500,
HIP 5158,b,44.80,-84.271115,159.036135,0.890000,,,451.00000,
HIP 5158,c,44.80,-84.271115,159.036135,7.700000,1.880000,-1.880000,4779.96000,
HIP 57050,b,11.03,68.918003,160.612622,0.163506,0.000042,-0.000042,94.70940,
HIP 57274,b,25.87,74.932183,194.246675,0.070000,,,11.40000,
HIP 57274,c,25.87,74.932183,194.246675,0.178000,,,130.00000,
HIP 57274,d,25.87,74.932183,194.246675,1.010000,,,167.50000,
HIP 70849,b,23.98,13.145278,319.967812,,,,1589.08306,
HIP 75458,b,31.33,48.627879,93.971038,1.275000,0.074000,-0.074000,2803.14251,
HIP 78530,b,131.93,22.681059,350.870628,,,,7322.49000,
HIP 79431,b,14.90,22.969669,355.200221,0.360000,,,667.41500,
HIP 107350,b,18.39,-28.269284,69.859355,773.000000,13.000000,-13.000000,6991.57000,11.777
HR 810,b,17.24,-58.323534,268.809626,0.910000,0.104000,-0.104000,616.56423,
HR 8799,b,39.94,-35.575078,92.764215,68.000000,,,2000.00000,13.000
HR 8799,c,39.94,-35.575078,92.764215,38.000000,,,3000.00000,13.000
HR 8799,d,39.94,-35.575078,92.764215,24.000000,,,3000.00000,13.000
HR 8799,e,39.94,-35.575078,92.764215,14.500000,0.500000,-0.500000,,
HU Aqr AB,b,,-32.638108,44.762341,4.290000,,,2132.55000,
HU Aqr AB,c,,-32.638108,44.762341,6.180000,,,1875.12000,
HW Vir,b,130.72,54.159072,299.933984,,,,6102.07893,
